E4: does the branched reading survive at size? f = 0.45, T = 150, seeds (0, 1, 2)

n     seed    status     ev/V0  meandeg    bound   maxdeg     diam slice d_H       d_s   st d_H
24    0      survive     1.125    10.03    11.90       60     19.0      4.74      1.39     5.86
24    1      survive     1.124    10.03    11.92       60     22.0         -         -     5.94
24    2      survive     1.104     9.98    12.13       60     24.0      4.76      1.42     5.68
32    0      survive     1.129    10.03    11.87       60     24.0      5.06      1.43     6.26
32    1      survive     1.123    10.03    11.93       60     24.0      5.08      1.50     6.11
32    2      survive     1.142    10.06    11.73       60     22.0      4.97      1.39     6.42
32    ctrl   survive     1.008    10.29    13.29       60     13.0      5.56      1.78     6.94
32    ctrl   survive     1.012    10.29    13.24       60     15.0      5.61      1.73     6.65
52    0      survive     1.111    10.05    12.06       60     25.0      6.01      1.68        -
52    1      survive     1.122    10.04    11.94       60     32.0      6.21      1.63        -
52    2      survive     1.119    10.05    11.97       60     24.0      6.19      1.65        -
52    ctrl   survive     1.008    10.31    13.29       60     17.0      6.61      2.32        -
52    ctrl   survive     0.997    10.30    13.44       60     16.0      6.55      2.32        -
